1  0.9052999019622803  0.31577846355736255
2  0.9391000866889954  0.2033778058551252
3  0.9485999345779419  0.16654881450347603
4  0.9559999704360962  0.14279996466357261
5  0.9611000418663025  0.12798041864531115
6  0.9660999774932861  0.11231598582700826
7  0.9680999517440796  0.10175903361523524
8  0.9670000076293945  0.10647388826357201
9  0.9704998731613159  0.0973594740324188
10  0.97079998254776  0.09518692716723308
11  0.9744001030921936  0.08539165549562312
12  0.9733001589775085  0.08759179062442854
13  0.9732998609542847  0.09031028907513246
14  0.9737001061439514  0.08554602001735474
15  0.9747999310493469  0.08454508891853038
16  0.9760000109672546  0.08152344333502697
17  0.9726999998092651  0.08903858495294116
18  0.9746001362800598  0.08288108797278256
19  0.9747998118400574  0.08327906695049023
20  0.9757999181747437  0.08142094315495342
21  0.9748002290725708  0.08408345208619722
22  0.9749999642372131  0.07773687239881838
23  0.9769001007080078  0.07651460468652659
24  0.9769002199172974  0.07392981350771151
25  0.9776998162269592  0.0748106993145484
26  0.9767999649047852  0.08192241701486637
27  0.9782000780105591  0.08045164577662944
28  0.9767000079154968  0.0807308348234801
29  0.9774999618530273  0.08049751039870898
30  0.9776001572608948  0.07927795980591328
31  0.9772999882698059  0.07621042428436339
32  0.9773999452590942  0.08075187944690697
33  0.9770001769065857  0.07664844452723628
34  0.9781000018119812  0.07960364928017953
35  0.9770001769065857  0.07916683638337417
36  0.9774999618530273  0.07910235281160567
37  0.9768999218940735  0.08308033457535202
38  0.9773998856544495  0.07876514853371192
39  0.977899968624115  0.07768747255271592
40  0.9761000871658325  0.08366217548642453
41  0.9787998795509338  0.08088631236700167
42  0.9774001836776733  0.07709698234000825
43  0.9777001142501831  0.07909505317715229
44  0.9792001247406006  0.08095942764886786
45  0.9778999090194702  0.08025867618847769
46  0.9769999384880066  0.08243084902560441
47  0.9793996214866638  0.08283485917650978
48  0.97819983959198  0.08327649666403886
49  0.9784999489784241  0.08066572262807313
50  0.9766998291015625  0.085291326243605