1  0.9103000164031982  0.3079091602563858
2  0.9346001148223877  0.21839826325885953
3  0.9495998024940491  0.16921062277629972
4  0.9564999341964722  0.14387408551992847
5  0.9577999114990234  0.13119604157749565
6  0.9616001844406128  0.12100670422660187
7  0.9657000303268433  0.11085600724793039
8  0.9688999652862549  0.10307312653167174
9  0.968799889087677  0.1029598181124311
10  0.9693999886512756  0.09992555411648936
11  0.9719999432563782  0.09031979971914553
12  0.9712001085281372  0.08870138752274215
13  0.9731999635696411  0.08614471188397146
14  0.9729997515678406  0.0886608819727553
15  0.9743999242782593  0.08357451754331123
16  0.9761998653411865  0.07915974864037707
17  0.9726999998092651  0.08153212158649695
18  0.9736999273300171  0.08665602286957437
19  0.9737998843193054  0.08466065200045705
20  0.9751002192497253  0.08036800128786126
21  0.9740001559257507  0.08842456411992317
22  0.9743001461029053  0.08392556550970767
23  0.9768000841140747  0.07855003766890149
24  0.9764001369476318  0.07890304086147808
25  0.974399745464325  0.08586955783604935
26  0.9761999845504761  0.08327300685545197
27  0.9763001203536987  0.08243531644067843
28  0.9763000011444092  0.0820542849553749
29  0.9739999771118164  0.08739176523449714
30  0.9786000847816467  0.07883241527262726
31  0.9769998788833618  0.08272459899100795
32  0.9776999354362488  0.07737925001158147
33  0.9755999445915222  0.0838718744768994
34  0.9768999814987183  0.08185321914450469
35  0.9769998788833618  0.0787055620126921
36  0.9795999526977539  0.07736897493927244
37  0.9763998985290527  0.07975956988419057
38  0.9775999188423157  0.07943128878145217
39  0.9768001437187195  0.08038152133020049
40  0.9779996871948242  0.0806458734532498
41  0.9778998494148254  0.07407836684560606
42  0.9798001050949097  0.0778730308348895
43  0.9771000742912292  0.07950737276849396
44  0.9783000946044922  0.07952168069325126
45  0.9777001142501831  0.08297942646109732
46  0.9777001738548279  0.08253102137095994
47  0.9779998660087585  0.08779270452396304
48  0.9769998788833618  0.08667456855528144
49  0.9770001173019409  0.08802770306967432
50  0.9785001277923584  0.08324686413812742